每幅图像的标定误差：
第1幅图像的平均误差：0.105261像素
第2幅图像的平均误差：0.0877897像素
第3幅图像的平均误差：0.106991像素
第4幅图像的平均误差：0.101248像素
第5幅图像的平均误差：0.0893733像素
第6幅图像的平均误差：0.0848275像素
第7幅图像的平均误差：0.097875像素
第8幅图像的平均误差：0.100755像素
第9幅图像的平均误差：0.113937像素
第10幅图像的平均误差：0.104943像素
第11幅图像的平均误差：0.109438像素
第12幅图像的平均误差：0.125278像素
第13幅图像的平均误差：0.133542像素
第14幅图像的平均误差：0.136203像素
总体平均误差：0.106962像素

相机内参数矩阵：
[529.1487388552665, 0, 318.3962091237171;
  0, 527.7898961853733, 231.4434440561927;
  0, 0, 1]

畸变系数：
[-0.008305254071515281, 0.06557385264599373, -0.005012558516689689, -0.002597761452941866, -0.2806154732653042]


第1幅图像的旋转向量：
[-99.79993954248681; -95.12242676859357; 445.626838385869]
第1幅图像的旋转矩阵：
[0.1024019899827464, -0.9125999662000421, -0.3958220991042002;
  0.994678902502897, 0.09846045685197341, 0.03032192856882313;
  0.01130103372287861, -0.396820916948921, 0.9178264795202913]
第1幅图像的平移向量：
[2.014426061276498; 2.066133658650551; 0.02847692659057462]

第2幅图像的旋转向量：
[78.7655446215894; 1.275921169468049; 482.0370267345522]
第2幅图像的旋转矩阵：
[-0.0578038580502386, 0.9837052807685136, 0.1702428694032378;
  -0.9827902590025734, -0.08603964456478136, 0.1634640216464191;
  0.1754480572823841, -0.1578641826105786, 0.9717493910698023]
第2幅图像的平移向量：
[-0.08841788665541081; 2.944880438446115; -0.4692054605680154]

第3幅图像的旋转向量：
[67.42803006205044; 34.62384658939342; 436.6702043664197]
第3幅图像的旋转矩阵：
[-0.9267645340560676, 0.2532487165028974, 0.2774393375234935;
  -0.2063624723624113, -0.9603808324470682, 0.1873050631156279;
  0.3138821887529027, 0.1163346219227596, 0.9423079259593304]
第3幅图像的平移向量：
[-1.499313855760333; 2.692977521999047; -0.2536269125362006]

第4幅图像的旋转向量：
[-96.31829642954445; -86.60639932431238; 423.6629767921356]
第4幅图像的旋转矩阵：
[-0.903910837498165, 0.13951590903128, -0.4043272300755187;
  0.03035331583589442, -0.9219993288892089, -0.3859998882715059;
  -0.4266425600794327, -0.3611821543972296, 0.829170415098032]
第4幅图像的平移向量：
[2.053072580656195; 2.060734043985054; 0.168079485953017]

第5幅图像的旋转向量：
[46.78075070821559; 62.16332544087063; 491.1524996078129]
第5幅图像的旋转矩阵：
[0.6215081569699124, -0.771906232858915, 0.1337474429416176;
  0.7808878263203567, 0.6240960994890624, -0.02680039751956807;
  -0.06278386356804826, 0.1210984156630334, 0.9906529968658915]
第5幅图像的平移向量：
[1.340598583007558; -2.369808571401893; 0.8856305215819305]

第6幅图像的旋转向量：
[-16.73988565098041; 27.5248205601207; 506.2471895712695]
第6幅图像的旋转矩阵：
[-0.0946863204371006, 0.9914213157021261, -0.09010147331507876;
  -0.9953458622267299, -0.09265322569476872, 0.02649517534347775;
  0.01791968945629607, 0.09219085930730547, 0.9955800973251576]
第6幅图像的平移向量：
[0.8028335069097607; -2.627971607652625; 0.9109152237896226]

第7幅图像的旋转向量：
[91.25609422436557; 88.69741702323617; 415.1336965605051]
第7幅图像的旋转矩阵：
[0.7982969704311658, -0.5783823268018623, 0.1679161428918796;
  0.5965020986522235, 0.7977815926350224, -0.08791914897347647;
  -0.0831095259516948, 0.1703479219010055, 0.9818729002269558]
第7幅图像的平移向量：
[1.868584460530381; -2.26765582022608; 0.002846980929254206]

第8幅图像的旋转向量：
[56.82767285778439; 79.13810662126876; 351.8075827860499]
第8幅图像的旋转矩阵：
[0.8159496088683081, -0.5569530183023599, 0.1550147450778344;
  0.5696840611059948, 0.8202432533960381, -0.05158561601904282;
  -0.09841903428420792, 0.13040069272122, 0.9865644190970957]
第8幅图像的平移向量：
[1.581908545352273; -2.159025588270713; -0.5008859887459519]

第9幅图像的旋转向量：
[64.73965785818122; 91.76514591798772; 372.4581452442176]
第9幅图像的旋转矩阵：
[0.8632695512715223, 0.495095620592133, -0.09821409429381905;
  -0.4840549565924622, 0.8671997838948338, 0.1168560388299344;
  0.1430261544114715, -0.05333724105392251, 0.9882806574404973]
第9幅图像的平移向量：
[1.709641044529264; -2.476287176612153; -0.7018540659507388]

第10幅图像的旋转向量：
[43.68485241989645; -42.49943140899622; 292.8516912970421]
第10幅图像的旋转矩阵：
[-0.7425883284572345, 0.5750175644129534, 0.3433909944300889;
  -0.6489086074920922, -0.7446213805500171, -0.1563861207091609;
  0.1657715101028042, -0.3389598799922809, 0.9260809933228592]
第10幅图像的平移向量：
[-0.4091503482264331; -2.922674968989255; -0.3431267233930907]

第11幅图像的旋转向量：
[85.06178127416369; -9.916160901911335; 449.2969911609682]
第11幅图像的旋转矩阵：
[0.305007974250664, 0.9400888872804614, 0.1523253742988683;
  -0.9458939824043646, 0.2804480096357219, 0.163197695886228;
  0.1107009922932853, -0.1938602535414263, 0.9747633007054256]
第11幅图像的平移向量：
[-0.2389349565778329; -2.65269192097989; 1.041355790210903]

第12幅图像的旋转向量：
[157.7623600167421; 30.27609708158105; 469.7395331138894]
第12幅图像的旋转矩阵：
[0.9973652340285037, -0.07233133720087265, 0.005546855866307332;
  0.07244493258905835, 0.9970801732345258, -0.0241424912710959;
  -0.003784401331085908, 0.02448072305594352, 0.9996931391708275]
第12幅图像的平移向量：
[0.2322637758373449; -2.324067491913802; 1.394955121322075]

第13幅图像的旋转向量：
[193.258405606283; -33.38951906458327; 397.1920185530763]
第13幅图像的旋转矩阵：
[-0.6192974850508177, -0.05811097628193933, 0.7830030264598549;
  -0.07342541200013054, -0.988600674362338, -0.1314435830420853;
  0.7817156349225358, -0.1388950002191957, 0.6079710889769071]
第13幅图像的平移向量：
[0.7154286118170349; -2.662324828257578; 0.8330367917364272]

第14幅图像的旋转向量：
[211.5734005077755; -1.180520621679539; 420.4278452583653]
第14幅图像的旋转矩阵：
[0.8715785527487189, 0.4857943395282206, 0.06599004524008677;
  -0.4861572636475993, 0.8390578588782935, 0.2441987396717119;
  0.06326089938601416, -0.2449199239280336, 0.9674772811141142]
第14幅图像的平移向量：
[-1.026746475088394; 2.710290519122548; -1.259285134808234]


